%%MatrixMarket matrix coordinate real general
2400 2400 47792
1 1 1.2420496791674430e+05
2 1 -5.0359865170601740e-16
3 1 -3.7193401159971740e-18
4 1 7.3791707901383936e-16
5 1 6.3228781971951963e-18
6 1 -2.1572172672783611e-17
7 1 -1.0042218313192371e-17
8 1 3.1391230579016153e-16
9 1 -3.0510211889039320e-20
10 1 -7.2280144832366958e-20
11 1 -4.7944618682776078e-20
12 1 1.4819245774676241e-19
21 1 7.2643361640569812e-22
22 1 1.3693273669247410e-19
23 1 -3.1236645505445020e-20
24 1 2.6151610190605131e-20
1 2 -5.0359865170601740e-16
2 2 1.2420497912448384e+05
3 2 1.8495023350063165e-02
4 2 -1.1336910997053227e-02
5 2 -1.5007106349332656e-02
6 2 -7.7809578313001995e-03
7 2 1.0760263398058946e-02
8 2 3.6467002641586664e-02
9 2 -2.5177701581653263e-05
10 2 -1.2969392556772964e-05
11 2 1.8075633485022738e-05
12 2 6.1097331245159680e-05
21 2 -1.2605250594925560e-05
22 2 -6.4509731862480626e-06
23 2 9.0650107068786096e-06
24 2 3.0556610113550112e-05
1 3 -3.7193401159971740e-18
2 3 1.8495023350063165e-02
3 3 1.2420503547018197e+05
4 3 -2.6476154129204413e-02
5 3 -2.7897078434182362e-02
6 3 -3.1809624541788532e-02
7 3 2.2706828660957246e-02
8 3 5.2089624776062916e-02
9 3 -4.6764795514631235e-05
10 3 -5.3172258099834513e-05
11 3 3.8079156635671406e-05
12 3 8.7229322298111107e-05
21 3 -2.3394197871035922e-05
22 3 -2.6527540472822823e-05
23 3 1.9063924088551146e-05
24 3 4.3604991253687834e-05
1 4 7.3791707901383936e-16
2 4 -1.1336910997053227e-02
3 4 -2.6476154129204413e-02
4 4 1.2420491850901186e+05
5 4 -1.4914738541618119e-02
6 4 -1.3042508498081529e-02
7 4 1.0603753882028527e-02
8 4 4.3662203494144784e-02
9 4 -2.4985044118726822e-05
10 4 -2.1711278371132446e-05
11 4 1.7841942989763912e-05
12 4 7.3123167136803161e-05
21 4 -1.2489125705079191e-05
22 4 -1.0784799233035621e-05
23 4 8.9626906526985364e-06
24 4 3.6555295712278013e-05
1 5 6.3228781971951963e-18
2 5 -1.5007106349332656e-02
3 5 -2.7897078434182362e-02
4 5 -1.4914738541618119e-02
5 5 1.2420496791687193e+05
6 5 1.2098251341245968e-02
7 5 -1.4030432942086982e-04
8 5 -1.7118148650396216e-02
9 5 3.9185090472186656e-09
10 5 2.0288865500594015e-05
11 5 -2.3292206890352502e-07
12 5 -2.8701793603615615e-05
21 5 -5.3050614249116168e-11
22 5 1.0152605912667682e-05
23 5 -1.1775206687173728e-07
24 5 -1.4365341464861490e-05
1 6 -2.1572172672783611e-17
2 6 -7.7809578313001995e-03
3 6 -3.1809624541788532e-02
4 6 -1.3042508498081529e-02
5 6 1.2098251341245968e-02
6 6 1.2420498819262566e+05
7 6 6.9645045708078357e-03
8 6 -1.1476996549221128e-02
9 6 2.0257180393218080e-05
10 6 3.3966490963966869e-05
11 6 1.1689101455932025e-05
12 6 -1.9202243595962964e-05
21 6 1.0120934428760830e-05
22 6 1.6982098100192216e-05
23 6 5.8544273217154503e-06
24 6 -9.5904803595278975e-06
1 7 -1.0042218313192371e-17
2 7 1.0760263398058946e-02
3 7 2.2706828660957246e-02
4 7 1.0603753882028527e-02
5 7 -1.4030432942086982e-04
6 7 6.9645045708078357e-03
7 7 1.2420496794920522e+05
8 7 -9.8170752927319183e-03
9 7 -2.9172411568142823e-07
10 7 1.1599665200861618e-05
11 7 2.1156662734621395e-08
12 7 -1.6430606412430304e-05
21 7 -1.7653145850750818e-07
22 7 5.7649988011634393e-06
23 7 -6.8482618036972602e-09
24 7 -8.2088542785508025e-06
1 8 3.1391230579016153e-16
2 8 3.6467002641586664e-02
3 8 5.2089624776062916e-02
4 8 4.3662203494144784e-02
5 8 -1.7118148650396216e-02
6 8 -1.1476996549221128e-02
7 8 -9.8170752927319183e-03
8 8 1.2420496036779931e+05
9 8 -2.8733189759737147e-05
10 8 -1.9306123604152813e-05
11 8 -1.6517646943518411e-05
12 8 -1.2666858892589390e-05
21 8 -1.4396721177688332e-05
22 8 -9.6943532473333898e-06
23 8 -8.2958952348347001e-06
24 8 -6.3443486270211401e-06
1 9 -3.0510211889039320e-20
2 9 -2.5177701581653263e-05
3 9 -4.6764795514631235e-05
4 9 -2.4985044118726822e-05
5 9 3.9185090472186656e-09
6 9 2.0257180393218080e-05
7 9 -2.9172411568142823e-07
8 9 -2.8733189759737147e-05
9 9 1.2420504711874430e+05
10 9 4.4633209707205943e-08
11 9 -4.7396702978769879e-10
12 9 -6.3089688674380763e-08
21 9 -7.9201999999019737e-02
22 9 1.9125553142866114e-08
23 9 -2.5833566719493010e-10
24 9 -2.7107874678313980e-08
1 10 -7.2280144832366958e-20
2 10 -1.2969392556772964e-05
3 10 -5.3172258099834513e-05
4 10 -2.1711278371132446e-05
5 10 2.0288865500594015e-05
6 10 3.3966490963966869e-05
7 10 1.1599665200861618e-05
8 10 -1.9306123604152813e-05
9 10 4.4633209707205943e-08
10 10 1.2420504711881903e+05
11 10 2.5677285652965371e-08
12 10 -4.2432671781002340e-08
21 10 1.9085885492913998e-08
22 10 -7.9201967997665615e-02
23 10 1.0989728360954551e-08
24 10 -1.8123958367328037e-08
1 11 -4.7944618682776078e-20
2 11 1.8075633485022738e-05
3 11 3.8079156635671406e-05
4 11 1.7841942989763912e-05
5 11 -2.3292206890352502e-07
6 11 1.1689101455932025e-05
7 11 2.1156662734621395e-08
8 11 -1.6517646943518411e-05
9 11 -4.7396702978769879e-10
10 11 2.5677285652965371e-08
11 11 1.2420504711874416e+05
12 11 -3.6476720090064715e-08
21 11 -3.3207616900372935e-10
22 11 1.0877192496750220e-08
23 11 -7.9202000034594294e-02
24 11 -1.5515088425385010e-08
1 12 1.4819245774676241e-19
2 12 6.1097331245159680e-05
3 12 8.7229322298111107e-05
4 12 7.3123167136803161e-05
5 12 -2.8701793603615615e-05
6 12 -1.9202243595962964e-05
7 12 -1.6430606412430304e-05
8 12 -1.2666858892589390e-05
9 12 -6.3089688674380763e-08
10 12 -4.2432671781002340e-08
11 12 -3.6476720090064715e-08
12 12 1.2420504711871609e+05
21 12 -2.7147297211780220e-08
22 12 -1.8254840057047794e-08
23 12 -1.5624761312229039e-08
24 12 -7.9202011968937711e-02
13 13 7.7597520606720893e+04
14 13 -3.6968850753960112e+04
15 13 -2.7183935646724804e+04
16 13 -1.3444734196035970e+04
17 13 1.7480898545186719e-17
18 13 1.1455567557271296e-16
19 13 1.7852832556786437e-17
20 13 -1.2943303603670166e-16
21 13 -3.6321680820284902e-21
22 13 2.2374155385295501e-19
23 13 -2.9057344656227925e-21
24 13 3.1963079121850719e-20
33 13 -1.1406627536876767e-20
34 13 1.6008674197120820e-19
35 13 -1.2666615721211761e-20
36 13 -2.5686142624770144e-19
13 14 -3.6968850753960112e+04
14 14 8.7236128517029079e+04
15 14 -2.7183917059359581e+04
16 14 -1.3444745229195638e+04
17 14 -1.5181935488043382e-02
18 14 -7.4105216922949399e-03
19 14 1.1104684773580077e-02
20 14 3.6477377021113019e-02
21 14 -2.5465914690624957e-05
22 14 -1.2346871663959370e-05
23 14 1.8653355181863341e-05
24 14 6.1114346983442776e-05
33 14 -1.2751811128695403e-05
34 14 -6.1410287801674236e-06
35 14 9.3522729588152181e-06
36 14 3.0563392817154088e-05
13 15 -2.7183935646724804e+04
14 15 -2.7183917059359581e+04
15 15 9.7021099640785862e+04
16 15 -1.3444760453610319e+04
17 15 -2.8039555124347859e-02
18 15 -3.1175411102768755e-02
19 15 2.3262676902824936e-02
20 15 5.1852210745084074e-02
21 15 -4.6995293667462201e-05
22 15 -5.2106107681848022e-05
23 15 3.9011372570834071e-05
24 15 8.6832195072587137e-05
33 15 -2.3513363582911896e-05
34 15 -2.5997531242450728e-05
35 15 1.9526971909088043e-05
36 15 4.3404385827240138e-05
13 16 -1.3444734196035970e+04
14 16 -1.3444745229195638e+04
15 16 -1.3444760453610319e+04
16 16 1.1076018479276248e+05
17 16 -1.4903949395887952e-02
18 16 -1.2441271294599746e-02
19 16 1.0856638871061105e-02
20 16 4.3352229455703647e-02
21 16 -2.4961049776796726e-05
22 16 -2.0702110573223872e-05
23 16 1.8265292679512345e-05
24 16 7.2602642819147704e-05
33 16 -1.2480016643699596e-05
34 16 -1.0283717943638181e-05
35 16 9.1716532871512795e-06
36 16 3.6294476186037719e-05
13 17 1.7480898545186719e-17
14 17 -1.5181935488043382e-02
15 17 -2.8039555124347859e-02
16 17 -1.4903949395887952e-02
17 17 1.2420496791709946e+05
18 17 1.2118178148865564e-02
19 17 -2.8217520753326831e-04
20 17 -1.7328845919819622e-02
21 17 -4.1830072910541682e-10
22 17 2.0317521599745321e-05
23 17 -4.7356091240368207e-07
24 17 -2.9055036792964795e-05
33 17 4.7471637688793736e-10
34 17 1.0169198164420861e-05
35 17 -2.3660513013687877e-07
36 17 -1.4541494390145141e-05
13 18 1.1455567557271296e-16
14 18 -7.4105216922949399e-03
15 18 -3.1175411102768755e-02
16 18 -1.2441271294599746e-02
17 18 1.2118178148865564e-02
18 18 1.2420498819515914e+05
19 18 6.8536294449171482e-03
20 18 -1.1620841732321108e-02
21 18 2.0285486210273987e-05
22 18 3.3966197029067865e-05
23 18 1.1500012495965871e-05
24 18 -1.9444627863908341e-05
33 18 1.0137158437966822e-05
34 18 1.6983618322393927e-05
35 18 5.7608962963806035e-06
36 18 -9.7114358521093027e-06
13 19 1.7852832556786437e-17
14 19 1.1104684773580077e-02
15 19 2.3262676902824936e-02
16 19 1.0856638871061105e-02
17 19 -2.8217520753326831e-04
18 19 6.8536294449171482e-03
19 19 1.2420496778713445e+05
20 19 -9.9622955324553345e-03
21 19 -5.3263229359089678e-07
22 19 1.1411197364251359e-05
23 19 -2.5230308508502487e-07
24 19 -1.6674655088679188e-05
33 19 -2.9568393310902281e-07
34 19 5.6720776928598471e-06
35 19 -1.4285799937316615e-07
36 19 -8.3309268008596240e-06
13 20 -1.2943303603670166e-16
14 20 3.6477377021113019e-02
15 20 5.1852210745084074e-02
16 20 4.3352229455703647e-02
17 20 -1.7328845919819622e-02
18 20 -1.1620841732321108e-02
19 20 -9.9622955324553345e-03
20 20 1.2420496026254755e+05
21 20 -2.9086388070550503e-05
22 20 -1.9547254627928783e-05
23 20 -1.6760665507361556e-05
24 20 -1.2842518141532082e-05
33 20 -1.4572851215883072e-05
34 20 -9.8140667836690655e-06
35 20 -8.4169386916638651e-06
36 20 -6.4323381897893396e-06
1 21 7.2643361640569812e-22
2 21 -1.2605250594925560e-05
3 21 -2.3394197871035922e-05
4 21 -1.2489125705079191e-05
5 21 -5.3050614249116168e-11
6 21 1.0120934428760830e-05
7 21 -1.7653145850750818e-07
8 21 -1.4396721177688332e-05
9 21 -7.9201999999019737e-02
10 21 1.9085885492913998e-08
11 21 -3.3207616900372935e-10
12 21 -2.7147297211780220e-08
13 21 -3.6321680820284902e-21
14 21 -2.5465914690624957e-05
15 21 -4.6995293667462201e-05
16 21 -2.4961049776796726e-05
17 21 -4.1830072910541682e-10
18 21 2.0285486210273987e-05
19 21 -5.3263229359089678e-07
20 21 -2.9086388070550503e-05
21 21 1.2420512632074430e+05
22 21 6.3819070728613307e-08
23 21 -1.2630091938082722e-09
24 21 -9.0974463617530260e-08
33 21 -7.9201999999405193e-02
34 21 1.9155080159295459e-08
35 21 -4.8343694568916292e-10
36 21 -2.7439805173191563e-08
1 22 1.3693273669247410e-19
2 22 -6.4509731862480626e-06
3 22 -2.6527540472822823e-05
4 22 -1.0784799233035621e-05
5 22 1.0152605912667682e-05
6 22 1.6982098100192216e-05
7 22 5.7649988011634393e-06
8 22 -9.6943532473333898e-06
9 22 1.9125553142866114e-08
10 22 -7.9201967997665615e-02
11 22 1.0877192496750220e-08
12 22 -1.8254840057047794e-08
13 22 2.2374155385295501e-19
14 22 -1.2346871663959370e-05
15 22 -5.2106107681848022e-05
16 22 -2.0702110573223872e-05
17 22 2.0317521599745321e-05
18 22 3.3966197029067865e-05
19 22 1.1411197364251359e-05
20 22 -1.9547254627928783e-05
21 22 6.3819070728613307e-08
22 22 1.2420512632085105e+05
23 22 3.6217961098722403e-08
24 22 -6.1187601105382479e-08
33 22 1.9114942821598537e-08
34 22 -7.9201967996413644e-02
35 22 1.0812597120860040e-08
36 22 -1.8351708086880299e-08
1 23 -3.1236645505445020e-20
2 23 9.0650107068786096e-06
3 23 1.9063924088551146e-05
4 23 8.9626906526985364e-06
5 23 -1.1775206687173728e-07
6 23 5.8544273217154503e-06
7 23 -6.8482618036972602e-09
8 23 -8.2958952348347001e-06
9 23 -2.5833566719493010e-10
10 23 1.0989728360954551e-08
11 23 -7.9202000034594294e-02
12 23 -1.5624761312229039e-08
13 23 -2.9057344656227925e-21
14 23 1.8653355181863341e-05
15 23 3.9011372570834071e-05
16 23 1.8265292679512345e-05
17 23 -4.7356091240368207e-07
18 23 1.1500012495965871e-05
19 23 -2.5230308508502487e-07
20 23 -1.6760665507361556e-05
21 23 -1.2630091938082722e-09
22 23 3.6217961098722403e-08
23 23 1.2420512632074345e+05
24 23 -5.2665363844205712e-08
33 23 -5.5756665186757348e-10
34 23 1.0700822669326863e-08
35 23 -7.9202000291595367e-02
36 23 -1.5744866464393417e-08
1 24 2.6151610190605131e-20
2 24 3.0556610113550112e-05
3 24 4.3604991253687834e-05
4 24 3.6555295712278013e-05
5 24 -1.4365341464861490e-05
6 24 -9.5904803595278975e-06
7 24 -8.2088542785508025e-06
8 24 -6.3443486270211401e-06
9 24 -2.7107874678313980e-08
10 24 -1.8123958367328037e-08
11 24 -1.5515088425385010e-08
12 24 -7.9202011968937711e-02
13 24 3.1963079121850719e-20
14 24 6.1114346983442776e-05
15 24 8.6832195072587137e-05
16 24 7.2602642819147704e-05
17 24 -2.9055036792964795e-05
18 24 -1.9444627863908341e-05
19 24 -1.6674655088679188e-05
20 24 -1.2842518141532082e-05
21 24 -9.0974463617530260e-08
22 24 -6.1187601105382479e-08
23 24 -5.2665363844205712e-08
24 24 1.2420512632070362e+05
33 24 -2.7479208348924788e-08
34 24 -1.8481032489914687e-08
35 24 -1.5853243638446757e-08
36 24 -7.9202012134492503e-02
25 25 1.5262633104667504e+05
26 25 2.2528638793294951e+04
27 25 1.6574647996743897e+04
28 25 8.1898787272136024e+03
29 25 1.6365096510387568e-17
30 25 1.3575591423389688e-16
31 25 -1.3761558429189545e-17
32 25 -7.4386802319943480e-18
33 25 -4.9397485915587471e-20
34 25 -2.6078966828964563e-19
35 25 -7.2643361640569805e-21
36 25 -2.3827022618106897e-19
45 25 -5.3756087614021660e-20
46 25 -1.0896504246085472e-20
47 25 -2.1066574875765245e-20
48 25 -3.6612254266847185e-19
25 26 2.2528638793294951e+04
26 26 1.4673361822525581e+05
27 26 1.6574666694639276e+04
28 26 8.1898680072646384e+03
29 26 -1.5355889396767852e-02
30 26 -7.0400607678113847e-03
31 26 1.1444498225513250e-02
32 26 3.6480710942112707e-02
33 26 -2.5758302597615093e-05
34 26 -1.1727097597940907e-05
35 26 1.9220957261565902e-05
36 26 6.1117740292760555e-05
45 26 -1.2897221099277994e-05
46 26 -5.8308839986794501e-06
47 26 9.6358263713716088e-06
48 26 3.0564417033793906e-05
25 27 1.6574647996743897e+04
26 27 1.6574666694639276e+04
27 27 1.4077968313172256e+05
28 27 8.1898527026562506e+03
29 27 -2.8178726406394232e-02
30 27 -3.0544677861161076e-02
31 27 2.3806987625122754e-02
32 27 5.1608301368358381e-02
33 27 -4.7229715015484637e-05
34 27 -5.1051707436104349e-05
35 27 3.9919939457878747e-05
36 27 8.6421460135065485e-05
45 27 -2.3629078959555708e-05
46 27 -2.5470031447276439e-05
47 27 1.9980673437369053e-05
48 27 4.3198562957148802e-05
25 28 8.1898787272136024e+03
26 28 8.1898680072646384e+03
27 28 8.1898527026562506e+03
28 28 1.3239479819322153e+05
29 28 -1.4890970820886541e-02
30 28 -1.1848811270794185e-02
31 28 1.1098026309432577e-02
32 28 4.3038923797958359e-02
33 28 -2.4940309450590317e-05
34 28 -1.9713015047580243e-05
35 28 1.8666339284339512e-05
36 28 7.2076692804401690e-05
45 28 -1.2468582931450989e-05
46 28 -9.7895889734540333e-06
47 28 9.3712450662982792e-06
48 28 3.6030894324678596e-05
25 29 1.6365096510387568e-17
26 29 -1.5355889396767852e-02
27 29 -2.8178726406394232e-02
28 29 -1.4890970820886541e-02
29 29 1.2420496791732291e+05
30 29 1.2135308042831864e-02
31 29 -4.2583497068926198e-04
32 29 -1.7538196450339324e-02
33 29 1.2298767548826434e-09
34 29 2.0346979766046344e-05
35 29 -7.1367491155349811e-07
36 29 -2.9405279876910087e-05
45 29 5.6622299141568169e-10
46 29 1.0183062746757401e-05
47 29 -3.5719913230208882e-07
48 29 -1.4716573202065327e-05
25 30 1.3575591423389688e-16
26 30 -7.0400607678113847e-03
27 30 -3.0544677861161076e-02
28 30 -1.1848811270794185e-02
29 30 1.2135308042831864e-02
30 30 1.2420498819359471e+05
31 30 6.7401710261951108e-03
32 30 -1.1764326936378026e-02
33 30 2.0314574172640648e-05
34 30 3.3963713160824354e-05
35 30 1.1309805902103464e-05
36 30 -1.9685265317242282e-05
45 30 1.0150657668618493e-05
46 30 1.6981387669561511e-05
47 30 5.6649848635422042e-06
48 30 -9.8321671173704318e-06
25 31 -1.3761558429189545e-17
26 31 1.1444498225513250e-02
27 31 2.3806987625122754e-02
28 31 1.1098026309432577e-02
29 31 -4.2583497068926198e-04
30 31 6.7401710261951108e-03
31 31 1.2420496762322902e+05
32 31 -1.0107303404396617e-02
33 31 -7.7304513108251305e-07
34 31 1.1221600671261094e-05
35 31 -5.2678664060416902e-07
36 31 -1.6917914374763674e-05
45 31 -4.1656867742659951e-07
46 31 5.5767791906310394e-06
47 31 -2.8053760889936714e-07
48 31 -8.4528409216322782e-06
25 32 -7.4386802319943480e-18
26 32 3.6480710942112707e-02
27 32 5.1608301368358381e-02
28 32 4.3038923797958359e-02
29 32 -1.7538196450339324e-02
30 32 -1.1764326936378026e-02
31 32 -1.0107303404396617e-02
32 32 1.2420496015822518e+05
33 32 -2.9436608322109669e-05
34 32 -1.9786656192967307e-05
35 32 -1.7002906475210240e-05
36 32 -1.3017186403116081e-05
45 32 -1.4747901299883026e-05
46 32 -9.9335590922629914e-06
47 32 -8.5378341826645570e-06
48 32 -6.5195063630502633e-06
13 33 -1.1406627536876767e-20
14 33 -1.2751811128695403e-05
15 33 -2.3513363582911896e-05
16 33 -1.2480016643699596e-05
17 33 4.7471637688793736e-10
18 33 1.0137158437966822e-05
19 33 -2.9568393310902281e-07
20 33 -1.4572851215883072e-05
21 33 -7.9201999999405193e-02
22 33 1.9114942821598537e-08
23 33 -5.5756665186757348e-10
24 33 -2.7479208348924788e-08
25 33 -4.9397485915587471e-20
26 33 -2.5758302597615093e-05
27 33 -4.7229715015484637e-05
28 33 -2.4940309450590317e-05
29 33 1.2298767548826434e-09
30 33 2.0314574172640648e-05
31 33 -7.7304513108251305e-07
32 33 -2.9436608322109669e-05
33 33 1.2420512632074430e+05
34 33 6.3914222063998114e-08
35 33 -2.0154025026284113e-09
36 33 -9.2076231482738239e-08
45 33 -7.9201999998860892e-02
46 33 1.9181066781043647e-08
47 33 -7.1079199869207329e-10
48 33 -2.7769494524631922e-08
13 34 1.6008674197120820e-19
14 34 -6.1410287801674236e-06
15 34 -2.5997531242450728e-05
16 34 -1.0283717943638181e-05
17 34 1.0169198164420861e-05
18 34 1.6983618322393927e-05
19 34 5.6720776928598471e-06
20 34 -9.8140667836690655e-06
21 34 1.9155080159295459e-08
22 34 -7.9201967996413644e-02
23 34 1.0700822669326863e-08
24 34 -1.8481032489914687e-08
25 34 -2.6078966828964563e-19
26 34 -1.1727097597940907e-05
27 34 -5.1051707436104349e-05
28 34 -1.9713015047580243e-05
29 34 2.0346979766046344e-05
30 34 3.3963713160824354e-05
31 34 1.1221600671261094e-05
32 34 -1.9786656192967307e-05
33 34 6.3914222063998114e-08
34 34 1.2420512632085105e+05
35 34 3.5618863335654582e-08
36 34 -6.1945215855679607e-08
45 34 1.9140471605346978e-08
46 34 -7.9201968000861142e-02
47 34 1.0631920363532404e-08
48 34 -1.8578701471719416e-08
13 35 -1.2666615721211761e-20
14 35 9.3522729588152181e-06
15 35 1.9526971909088043e-05
16 35 9.1716532871512795e-06
17 35 -2.3660513013687877e-07
18 35 5.7608962963806035e-06
19 35 -1.4285799937316615e-07
20 35 -8.4169386916638651e-06
21 35 -4.8343694568916292e-10
22 35 1.0812597120860040e-08
23 35 -7.9202000291595367e-02
24 35 -1.5853243638446757e-08
25 35 -7.2643361640569805e-21
26 35 1.9220957261565902e-05
27 35 3.9919939457878747e-05
28 35 1.8666339284339512e-05
29 35 -7.1367491155349811e-07
30 35 1.1309805902103464e-05
31 35 -5.2678664060416902e-07
32 35 -1.7002906475210240e-05
33 35 -2.0154025026284113e-09
34 35 3.5618863335654582e-08
35 35 1.2420512632074258e+05
36 35 -5.3428091170516659e-08
45 35 -7.8528622750869055e-10
46 35 1.0520916276443610e-08
47 35 -7.9202000551138421e-02
48 35 -1.5974220270693620e-08
13 36 -2.5686142624770144e-19
14 36 3.0563392817154088e-05
15 36 4.3404385827240138e-05
16 36 3.6294476186037719e-05
17 36 -1.4541494390145141e-05
18 36 -9.7114358521093027e-06
19 36 -8.3309268008596240e-06
20 36 -6.4323381897893396e-06
21 36 -2.7439805173191563e-08
22 36 -1.8351708086880299e-08
23 36 -1.5744866464393417e-08
24 36 -7.9202012134492503e-02
25 36 -2.3827022618106897e-19
26 36 6.1117740292760555e-05
27 36 8.6421460135065485e-05
28 36 7.2076692804401690e-05
29 36 -2.9405279876910087e-05
30 36 -1.9685265317242282e-05
31 36 -1.6917914374763674e-05
32 36 -1.3017186403116081e-05
33 36 -9.2076231482738239e-08
34 36 -6.1945215855679607e-08
35 36 -5.3428091170516659e-08
36 36 1.2420512632070309e+05
45 36 -2.7808860917719133e-08
46 36 -1.8706467143046556e-08
47 36 -1.6081314361982353e-08
48 36 -7.9202012298664415e-02
37 37 1.1234979778306988e+05
38 37 -9.3908843422344671e+03
39 37 -6.9127660194303426e+03
40 37 -3.4126226013837268e+03
41 37 1.5621228487188132e-17
42 37 1.3752260078899552e-16
43 37 3.7193401159971744e-19
44 37 -7.8106142435940667e-17
45 37 -5.0850353148398872e-21
46 37 1.7470728474557039e-19
47 37 -1.5255105944519660e-20
48 37 -2.0340141259359548e-19
57 37 -1.4528672328113962e-21
58 37 1.9795316047055274e-19
59 37 1.0170070629679774e-20
60 37 -2.5861036744042852e-19
37 38 -9.3908843422344671e+03
38 38 1.1481409526475385e+05
39 38 -6.9127471935575559e+03
40 38 -3.4126329993679474e+03
41 38 -1.5528923405909636e-02
42 38 -6.6696194973615477e-03
43 38 1.1779680123726257e-02
44 38 3.6477081475591415e-02
45 38 -2.6047629659583723e-05
46 38 -1.1106645536540060e-05
47 38 1.9781411475564680e-05
48 38 6.1109966733013628e-05
57 38 -1.3041971429020692e-05
58 38 -5.5208476949659320e-06
59 38 9.9154215606429923e-06
60 38 3.0559579145857170e-05
37 39 -6.9127660194303426e+03
38 39 -6.9127471935575559e+03
39 39 1.1729226899160055e+05
40 39 -3.4126483797849487e+03
41 39 -2.8314596004176747e-02
42 39 -2.9917460353971737e-02
43 39 2.4339907191081412e-02
44 39 5.1358082546613622e-02
45 39 -4.7456085818099996e-05
46 39 -5.0001658567635597e-05
47 39 4.0810573082878181e-05
48 39 8.6000912402056241e-05
57 39 -2.3742227484829213e-05
58 39 -2.4945636489033153e-05
59 39 2.0424734527101353e-05
60 39 4.2987423857450935e-05
37 40 -3.4126226013837268e+03
38 40 -3.4126329993679474e+03
39 40 -3.4126483797849487e+03
40 40 1.2079229733847955e+05
41 40 -1.4875836797709025e-02
42 40 -1.1265051335139949e-02
43 40 1.1328143061514435e-02
44 40 4.2722445693633933e-02
45 40 -2.4914129014041525e-05
46 40 -1.8737061656740667e-05
47 40 1.9049349231548397e-05
48 40 7.1545421111994214e-05
57 40 -1.2455490599711623e-05
58 40 -9.3028570932229463e-06
59 40 9.5613618084245516e-06
60 40 3.5764694776756714e-05
37 41 1.5621228487188132e-17
38 41 -1.5528923405909636e-02
39 41 -2.8314596004176747e-02
40 41 -1.4875836797709025e-02
41 41 1.2420496791753214e+05
42 41 1.2149678725741121e-02
43 41 -5.7122844187738615e-04
44 41 -1.7746191219712347e-02
45 41 1.2337969047953406e-09
46 41 2.0370344583330077e-05
47 41 -9.5763421468961121e-07
48 41 -2.9753455340838400e-05
57 41 7.6316417832034027e-10
58 41 1.0194728943322303e-05
59 41 -4.7917086368976908e-07
60 41 -1.4890502925608338e-05
37 42 1.3752260078899552e-16
38 42 -6.6696194973615477e-03
39 42 -2.9917460353971737e-02
40 42 -1.1265051335139949e-02
41 42 1.2149678725741121e-02
42 42 1.2420498818800082e+05
43 42 6.6241900569224930e-03
44 42 -1.1907439199776540e-02
45 42 2.0337576584085464e-05
46 42 3.3953238233138022e-05
47 42 1.1114522259813828e-05
48 42 -1.9925582208069671e-05
57 42 1.0161960170887550e-05
58 42 1.6975885065949457e-05
59 42 5.5670321265271570e-06
60 42 -9.9525602271154904e-06
37 43 3.7193401159971744e-19
38 43 1.1779680123726257e-02
39 43 2.4339907191081412e-02
40 43 1.1328143061514435e-02
41 43 -5.7122844187738615e-04
42 43 6.6241900569224930e-03
43 43 1.2420496745754678e+05
44 43 -1.0252072696094265e-02
45 43 -1.0172865905097671e-06
46 43 1.1026932879052800e-05
47 43 -8.0478493473149796e-07
48 43 -1.7160878172218671e-05
57 43 -5.3882470159136691e-07
58 43 5.4794415284123969e-06
59 43 -4.1965622482479457e-07
60 43 -8.5745378146260158e-06
37 44 -7.8106142435940667e-17
38 44 3.6477081475591415e-02
39 44 5.1358082546613622e-02
40 44 4.2722445693633933e-02
41 44 -1.7746191219712347e-02
42 44 -1.1907439199776540e-02
43 44 -1.0252072696094265e-02
44 44 1.2420496005484290e+05
45 44 -2.9784749350509491e-05
46 44 -2.0025737220816097e-05
47 44 -1.7244862055422488e-05
48 44 -1.3190124123332276e-05
57 44 -1.4921798128120189e-05
58 44 -1.0052717102088049e-05
59 44 -8.6585228951512055e-06
60 44 -6.6058963208608768e-06
25 45 -5.3756087614021660e-20
26 45 -1.2897221099277994e-05
27 45 -2.3629078959555708e-05
28 45 -1.2468582931450989e-05
29 45 5.6622299141568169e-10
30 45 1.0150657668618493e-05
31 45 -4.1656867742659951e-07
32 45 -1.4747901299883026e-05
33 45 -7.9201999998860892e-02
34 45 1.9140471605346978e-08
35 45 -7.8528622750869055e-10
36 45 -2.7808860917719133e-08
37 45 -5.0850353148398872e-21
38 45 -2.6047629659583723e-05
39 45 -4.7456085818099996e-05
40 45 -2.4914129014041525e-05
41 45 1.2337969047953406e-09
42 45 2.0337576584085464e-05
43 45 -1.0172865905097671e-06
44 45 -2.9784749350509491e-05
45 45 1.2420512632074430e+05
46 45 6.3991479523193720e-08
47 45 -2.7791162746351082e-09
48 45 -9.3171343654152250e-08
57 45 -7.9201999998591538e-02
58 45 1.9202486126008967e-08
59 45 -9.4100934969683959e-10
60 45 -2.8097074599337383e-08
25 46 -1.0896504246085472e-20
26 46 -5.8308839986794501e-06
27 46 -2.5470031447276439e-05
28 46 -9.7895889734540333e-06
29 46 1.0183062746757401e-05
30 46 1.6981387669561511e-05
31 46 5.5767791906310394e-06
32 46 -9.9335590922629914e-06
33 46 1.9181066781043647e-08
34 46 -7.9201968000861142e-02
35 46 1.0520916276443610e-08
36 46 -1.8706467143046556e-08
37 46 1.7470728474557039e-19
38 46 -1.1106645536540060e-05
39 46 -5.0001658567635597e-05
40 46 -1.8737061656740667e-05
41 46 2.0370344583330077e-05
42 46 3.3953238233138022e-05
43 46 1.1026932879052800e-05
44 46 -2.0025737220816097e-05
45 46 6.3991479523193720e-08
46 46 1.2420512632085101e+05
47 46 3.5004543222649457e-08
48 46 -6.2701496739631591e-08
57 46 1.9161432977224056e-08
58 46 -7.9201968011832269e-02
59 46 1.0447153585909935e-08
60 46 -1.8805147754246476e-08
25 47 -2.1066574875765245e-20
26 47 9.6358263713716088e-06
27 47 1.9980673437369053e-05
28 47 9.3712450662982792e-06
29 47 -3.5719913230208882e-07
30 47 5.6649848635422042e-06
31 47 -2.8053760889936714e-07
32 47 -8.5378341826645570e-06
33 47 -7.1079199869207329e-10
34 47 1.0631920363532404e-08
35 47 -7.9202000551138421e-02
36 47 -1.6081314361982353e-08
37 47 -1.5255105944519660e-20
38 47 1.9781411475564680e-05
39 47 4.0810573082878181e-05
40 47 1.9049349231548397e-05
41 47 -9.5763421468961121e-07
42 47 1.1114522259813828e-05
43 47 -8.0478493473149796e-07
44 47 -1.7244862055422488e-05
45 47 -2.7791162746351082e-09
46 47 3.5004543222649457e-08
47 47 1.2420512632074171e+05
48 47 -5.4189750490423478e-08
57 47 -1.0158636470684464e-09
58 47 1.0336921216461184e-08
59 47 -7.9202000813547863e-02
60 47 -1.6203199318577787e-08
25 48 -3.6612254266847185e-19
26 48 3.0564417033793906e-05
27 48 4.3198562957148802e-05
28 48 3.6030894324678596e-05
29 48 -1.4716573202065327e-05
30 48 -9.8321671173704318e-06
31 48 -8.4528409216322782e-06
32 48 -6.5195063630502633e-06
33 48 -2.7769494524631922e-08
34 48 -1.8578701471719416e-08
35 48 -1.5974220270693620e-08
36 48 -7.9202012298664415e-02
37 48 -2.0340141259359548e-19
38 48 6.1109966733013628e-05
39 48 8.6000912402056241e-05
40 48 7.1545421111994214e-05
41 48 -2.9753455340838400e-05
42 48 -1.9925582208069671e-05
43 48 -1.7160878172218671e-05
44 48 -1.3190124123332276e-05
45 48 -9.3171343654152250e-08
46 48 -6.2701496739631591e-08
47 48 -5.4189750490423478e-08
48 48 1.2420512632070253e+05
57 48 -2.8136401614958678e-08
58 48 -1.8931360896959638e-08
59 48 -1.6309023595917316e-08
60 48 -7.9202012461323704e-02
49 49 1.2852994510498247e+05
50 49 3.4236892003766543e+03
51 49 2.5215910157235348e+03
52 49 1.2436811352849172e+03
53 49 2.0456370637984460e-17
54 49 2.9754720927977395e-18
55 49 7.8106142435940660e-18
56 49 1.1976275173510902e-16
57 49 1.3802238711708265e-20
58 49 -6.8103151538034204e-20
59 49 3.5595247203879209e-20
60 49 -1.1041790969366612e-19
69 49 2.9057344656227925e-21
70 49 9.2257069283523667e-20
71 49 2.2519442108576641e-20
72 49 8.4266299503060981e-20
49 50 3.4236892003766543e+03
50 50 1.2762866899621255e+05
51 50 2.5216099865564820e+03
52 50 1.2436710674542483e+03
53 50 -1.5701043431642178e-02
54 50 -6.2993041914905252e-03
55 50 1.2110164402327105e-02
56 50 3.6466556429222551e-02
57 50 -2.6335833559831403e-05
58 50 -1.0486639587312472e-05
59 50 2.0333795014067545e-05
60 50 6.1090517741449417e-05
69 50 -1.3185926747470148e-05
70 50 -5.2109365259381777e-06
71 50 1.0191065394994002e-05
72 50 3.0548981698403666e-05
49 51 2.5215910157235348e+03
50 51 2.5216099865564820e+03
51 51 1.2672662593027619e+05
52 51 1.2436556151419015e+03
53 51 -2.8447238637836769e-02
54 51 -2.9293883246676110e-02
55 51 2.4861506158705689e-02
56 51 5.1101716740295289e-02
57 51 -4.7677742388504476e-05
58 51 -4.8958169872075812e-05
59 51 4.1681923366086157e-05
60 51 8.5569895239969511e-05
69 51 -2.3852638231461267e-05
70 51 -2.4424299639756690e-05
71 51 2.0859326397130096e-05
72 51 4.2771172521601823e-05
49 52 1.2436811352849172e+03
50 52 1.2436710674542483e+03
51 52 1.2436556151419015e+03
52 52 1.2544860154504799e+05
53 52 -1.4858613592387240e-02
54 52 -1.0689975511850448e-02
55 52 1.1547168492596656e-02
56 52 4.2402947637917479e-02
57 52 -2.4884952377115773e-05
58 52 -1.7776039134168112e-05
59 52 1.9413591866666407e-05
60 52 7.1009142392641092e-05
69 52 -1.2440626480485081e-05
70 52 -8.8233732277102241e-06
71 52 9.7422316480031790e-06
72 52 3.5496000593879519e-05
49 53 2.0456370637984460e-17
50 53 -1.5701043431642178e-02
51 53 -2.8447238637836769e-02
52 53 -1.4858613592387240e-02
53 53 1.2420496791773116e+05
54 53 1.2161326630332954e-02
55 53 -7.1830810765622602e-04
56 53 -1.7952824081368099e-02
57 53 1.6591818609119752e-09
58 53 2.0389554059261372e-05
59 53 -1.2041553337444853e-06
60 53 -3.0099295318873344e-05
69 53 9.2010968338942980e-10
70 53 1.0204092833696572e-05
71 53 -6.0256628195068430e-07
72 53 -1.5063296755068159e-05
49 54 2.9754720927977395e-18
50 54 -6.2993041914905252e-03
51 54 -2.9293883246676110e-02
52 54 -1.0689975511850448e-02
53 54 1.2161326630332954e-02
54 54 1.2420498817843938e+05
55 54 6.5057385525709652e-03
56 54 -1.2050169578164030e-02
57 54 2.0356424005034970e-05
58 54 3.3936468540062876e-05
59 54 1.0915342604944072e-05
60 54 -2.0165172419285030e-05
69 54 1.0170962364481812e-05
70 54 1.6967048450752533e-05
71 54 5.4670036973935066e-06
72 54 -1.0072635534320846e-05
49 55 7.8106142435940660e-18
50 55 1.2110164402327105e-02
51 55 2.4861506158705689e-02
52 55 1.1547168492596656e-02
53 55 -7.1830810765622602e-04
54 55 6.5057385525709652e-03
55 55 1.2420496729013525e+05
56 55 -1.0396583670981110e-02
57 55 -1.2640857200166872e-06
58 55 1.0828370307420101e-05
59 55 -1.0855220293926197e-06
60 55 -1.7403369502131965e-05
69 55 -6.6249753378854538e-07
70 55 5.3800304184117158e-06
71 55 -5.6022341083074276e-07
72 55 -8.6960109489590748e-06
49 56 1.1976275173510902e-16
50 56 3.6466556429222551e-02
51 56 5.1101716740295289e-02
52 56 4.2402947637917479e-02
53 56 -1.7952824081368099e-02
54 56 -1.2050169578164030e-02
55 56 -1.0396583670981110e-02
56 56 1.2420495995240980e+05
57 56 -3.0130552417286331e-05
58 56 -2.0264096324616074e-05
59 56 -1.7486355642311070e-05
60 56 -1.3361511872501999e-05
69 56 -1.5094554610546787e-05
70 56 -1.0171561049210594e-05
71 56 -8.7789982375862124e-06
72 56 -6.6914864014854205e-06
37 57 -1.4528672328113962e-21
38 57 -1.3041971429020692e-05
39 57 -2.3742227484829213e-05
40 57 -1.2455490599711623e-05
41 57 7.6316417832034027e-10
42 57 1.0161960170887550e-05
43 57 -5.3882470159136691e-07
44 57 -1.4921798128120189e-05
45 57 -7.9201999998591538e-02
46 57 1.9161432977224056e-08
47 57 -1.0158636470684464e-09
48 57 -2.8136401614958678e-08
49 57 1.3802238711708265e-20
50 57 -2.6335833559831403e-05
51 57 -4.7677742388504476e-05
52 57 -2.4884952377115773e-05
53 57 1.6591818609119752e-09
54 57 2.0356424005034970e-05
55 57 -1.2640857200166872e-06
56 57 -3.0130552417286331e-05
57 57 1.2420512632074430e+05
58 57 6.4055293574667019e-08
59 57 -3.5511618770882916e-09
60 57 -9.4259180251150260e-08
69 57 -7.9201999998269296e-02
70 57 1.9219688311744563e-08
71 57 -1.1738269403618014e-09
72 57 -2.8422496078884894e-08
37 58 1.9795316047055274e-19
38 58 -5.5208476949659320e-06
39 58 -2.4945636489033153e-05
40 58 -9.3028570932229463e-06
41 58 1.0194728943322303e-05
42 58 1.6975885065949457e-05
43 58 5.4794415284123969e-06
44 58 -1.0052717102088049e-05
45 58 1.9202486126008967e-08
46 58 -7.9201968011832269e-02
47 58 1.0336921216461184e-08
48 58 -1.8931360896959638e-08
49 58 -6.8103151538034204e-20
50 58 -1.0486639587312472e-05
51 58 -4.8958169872075812e-05
52 58 -1.7776039134168112e-05
53 58 2.0389554059261372e-05
54 58 3.3936468540062876e-05
55 58 1.0828370307420101e-05
56 58 -2.0264096324616074e-05
57 58 6.4055293574667019e-08
58 58 1.2420512632085096e+05
59 58 3.4377771951468650e-08
60 58 -6.3455500859265316e-08
69 58 1.9178180294340593e-08
70 58 -7.9201968028979247e-02
71 58 1.0258550626734056e-08
72 58 -1.9030970831225622e-08
37 59 1.0170070629679774e-20
38 59 9.9154215606429923e-06
39 59 2.0424734527101353e-05
40 59 9.5613618084245516e-06
41 59 -4.7917086368976908e-07
42 59 5.5670321265271570e-06
43 59 -4.1965622482479457e-07
44 59 -8.6585228951512055e-06
45 59 -9.4100934969683959e-10
46 59 1.0447153585909935e-08
47 59 -7.9202000813547863e-02
48 59 -1.6309023595917316e-08
49 59 3.5595247203879209e-20
50 59 2.0333795014067545e-05
51 59 4.1681923366086157e-05
52 59 1.9413591866666407e-05
53 59 -1.2041553337444853e-06
54 59 1.0915342604944072e-05
55 59 -1.0855220293926197e-06
56 59 -1.7486355642311070e-05
57 59 -3.5511618770882916e-09
58 59 3.4377771951468650e-08
59 59 1.2420512632074082e+05
60 59 -5.4949899133748425e-08
69 59 -1.2490316342210845e-09
70 59 1.0149093193614912e-08
71 59 -7.9202001078637424e-02
72 59 -1.6431748383309087e-08
37 60 -2.5861036744042852e-19
38 60 3.0559579145857170e-05
39 60 4.2987423857450935e-05
40 60 3.5764694776756714e-05
41 60 -1.4890502925608338e-05
42 60 -9.9525602271154904e-06
43 60 -8.5745378146260158e-06
44 60 -6.6058963208608768e-06
45 60 -2.8097074599337383e-08
46 60 -1.8805147754246476e-08
47 60 -1.6203199318577787e-08
48 60 -7.9202012461323704e-02
49 60 -1.1041790969366612e-19
50 60 6.1090517741449417e-05
51 60 8.5569895239969511e-05
52 60 7.1009142392641092e-05
53 60 -3.0099295318873344e-05
54 60 -2.0165172419285030e-05
55 60 -1.7403369502131965e-05
56 60 -1.3361511872501999e-05
57 60 -9.4259180251150260e-08
58 60 -6.3455500859265316e-08
59 60 -5.4949899133748425e-08
60 60 1.2420512632070201e+05
69 60 -2.8461777369788994e-08
70 60 -1.9155635746738677e-08
71 60 -1.6536315880285225e-08
72 60 -7.9202012622486842e-02
61 61 1.2275483412972675e+05
62 61 -1.1471662589327896e+03
63 61 -8.4537275291158824e+02
64 61 -4.1658534390705779e+02
65 61 -2.9382786916377677e-17
66 61 1.1018545093641629e-16
67 61 1.0786086336391806e-17
68 61 -1.1158020347991524e-17
69 61 -2.2519442108576641e-20
70 61 -2.0612553865511685e-19
71 61 -2.1793008492170944e-21
72 61 2.3245875724982338e-19
81 61 -1.5981539560925359e-20
82 61 -1.9922441929926270e-19
83 61 1.5255105944519660e-20
84 61 1.8306127133423592e-19
61 62 -1.1471662589327896e+03
62 62 1.2305781373931235e+05
63 62 -8.4535362062917625e+02
64 62 -4.1659507396135251e+02
65 62 -1.5872248984717684e-02
66 62 -5.9292095618326103e-03
67 62 1.2435895198055585e-02
68 62 3.6449205954838693e-02
69 62 -2.6622396495670552e-05
70 62 -9.8669836651750250e-06
71 62 2.0878233733813221e-05
72 62 6.1059678068725828e-05
81 62 -1.3329124707666927e-05
82 62 -4.9012489353403081e-06
83 62 1.0462695403130053e-05
84 62 3.0532671996925545e-05
61 63 -8.4537275291158824e+02
62 63 -8.4535362062917625e+02
63 63 1.2335966209149234e+05
64 63 -4.1661059471784370e+02
65 63 -2.8576718969633399e-02
66 63 -2.8674051196730135e-02
67 63 2.5371870385035383e-02
68 63 5.0839366628397963e-02
69 63 -4.7893934784968158e-05
70 63 -4.7920880706789779e-05
71 63 4.2534528631996883e-05
72 63 8.5128928836700318e-05
81 63 -2.3960427916600162e-05
82 63 -2.3906147555507148e-05
83 63 2.1284492422720985e-05
84 63 4.2549927458412901e-05
61 64 -4.1658534390705779e+02
62 64 -4.1659507396135251e+02
63 64 -4.1661059471784370e+02
64 64 1.2378833553121451e+05
65 64 -1.4839363308402102e-02
66 64 -1.0123555198640170e-02
67 64 1.1755288008732059e-02
68 64 4.2080578037060584e-02
69 64 -2.4852262892367941e-05
70 64 -1.6829415070011149e-05
71 64 1.9759651164638562e-05
72 64 7.0468084588508144e-05
81 64 -1.2424087276630164e-05
82 64 -8.3511485229732561e-06
83 64 9.9139898976625529e-06
84 64 3.5224937299328193e-05
61 65 -2.9382786916377677e-17
62 65 -1.5872248984717684e-02
63 65 -2.8576718969633399e-02
64 65 -1.4839363308402102e-02
65 65 1.2420496791792022e+05
66 65 1.2170287741912377e-02
67 65 -8.6702578770418779e-04
68 65 -1.8158088576936762e-02
69 65 1.9495172663868591e-09
70 65 2.0404162005124261e-05
71 65 -1.4534825701701973e-06
72 65 -3.0442858978491676e-05
81 65 1.0774640505637432e-09
82 65 1.0211220656302032e-05
83 65 -7.2732209226102792e-07
84 65 -1.5234944308788982e-05
61 66 1.1018545093641629e-16
62 66 -5.9292095618326103e-03
63 66 -2.8674051196730135e-02
64 66 -1.0123555198640170e-02
65 66 1.2170287741912377e-02
66 66 1.2420498816497231e+05
67 66 6.3848692174969055e-03
68 66 -1.2192508322440334e-02
69 66 2.0370672242140368e-05
70 66 3.3913078591467548e-05
71 66 1.0712060240145327e-05
72 66 -2.0404125240769923e-05
81 66 1.0177730393217442e-05
82 66 1.6954959994189632e-05
83 66 5.3649644549999693e-06
84 66 -1.0192377350786167e-05
61 67 1.0786086336391806e-17
62 67 1.2435895198055585e-02
63 67 2.5371870385035383e-02
64 67 1.1755288008732059e-02
65 67 -8.6702578770418779e-04
66 67 6.3848692174969055e-03
67 67 1.2420496712104343e+05
68 67 -1.0540815328493752e-02
69 67 -1.5136836483929718e-06
70 67 1.0625707379704572e-05
71 67 -1.3691034948653849e-06
72 67 -1.7645391826511708e-05
81 67 -7.8752417245348428e-07
82 67 5.2786105782194804e-06
83 67 -7.0218508814284950e-07
84 67 -8.8172401832625444e-06
61 68 -1.1158020347991524e-17
62 68 3.6449205954838693e-02
63 68 5.0839366628397963e-02
64 68 4.2080578037060584e-02
65 68 -1.8158088576936762e-02
66 68 -1.2192508322440334e-02
67 68 -1.0540815328493752e-02
68 68 1.2420495985093495e+05
69 68 -3.0474074429583238e-05
70 68 -2.0501821653394346e-05
71 68 -1.7727390547504040e-05
72 68 -1.3531281501337856e-05
81 68 -1.5266160608478993e-05
82 68 -1.0290075392293443e-05
83 68 -8.8992400263800014e-06
84 68 -6.7762729485576233e-06
49 69 2.9057344656227925e-21
50 69 -1.3185926747470148e-05
51 69 -2.3852638231461267e-05
52 69 -1.2440626480485081e-05
53 69 9.2010968338942980e-10
54 69 1.0170962364481812e-05
55 69 -6.6249753378854538e-07
56 69 -1.5094554610546787e-05
57 69 -7.9201999998269296e-02
58 69 1.9178180294340593e-08
59 69 -1.2490316342210845e-09
60 69 -2.8461777369788994e-08
61 69 -2.2519442108576641e-20
62 69 -2.6622396495670552e-05
63 69 -4.7893934784968158e-05
64 69 -2.4852262892367941e-05
65 69 1.9495172663868591e-09
66 69 2.0370672242140368e-05
67 69 -1.5136836483929718e-06
68 69 -3.0474074429583238e-05
69 69 1.2420512632074430e+05
70 69 6.4104705157892969e-08
71 69 -4.3320235232170535e-09
72 69 -9.5339866204916522e-08
81 69 -7.9201999997980804e-02
82 69 1.9232650793237542e-08
83 69 -1.4092198058692166e-09
84 69 -2.8745759675142100e-08
49 70 9.2257069283523667e-20
50 70 -5.2109365259381777e-06
51 70 -2.4424299639756690e-05
52 70 -8.8233732277102241e-06
53 70 1.0204092833696572e-05
54 70 1.6967048450752533e-05
55 70 5.3800304184117158e-06
56 70 -1.0171561049210594e-05
57 70 1.9219688311744563e-08
58 70 -7.9201968028979247e-02
59 70 1.0149093193614912e-08
60 70 -1.9155635746738677e-08
61 70 -2.0612553865511685e-19
62 70 -9.8669836651750250e-06
63 70 -4.7920880706789779e-05
64 70 -1.6829415070011149e-05
65 70 2.0404162005124261e-05
66 70 3.3913078591467548e-05
67 70 1.0625707379704572e-05
68 70 -2.0501821653394346e-05
69 70 6.4104705157892969e-08
70 70 1.2420512632085089e+05
71 70 3.3738155925971991e-08
72 70 -6.4207419306375098e-08
81 70 1.9190690139377438e-08
82 70 -7.9201968052272573e-02
83 70 1.0066147642705614e-08
84 70 -1.9256172120137958e-08
49 71 2.2519442108576641e-20
50 71 1.0191065394994002e-05
51 71 2.0859326397130096e-05
52 71 9.7422316480031790e-06
53 71 -6.0256628195068430e-07
54 71 5.4670036973935066e-06
55 71 -5.6022341083074276e-07
56 71 -8.7789982375862124e-06
57 71 -1.1738269403618014e-09
58 71 1.0258550626734056e-08
59 71 -7.9202001078637424e-02
60 71 -1.6536315880285225e-08
61 71 -2.1793008492170944e-21
62 71 2.0878233733813221e-05
63 71 4.2534528631996883e-05
64 71 1.9759651164638562e-05
65 71 -1.4534825701701973e-06
66 71 1.0712060240145327e-05
67 71 -1.3691034948653849e-06
68 71 -1.7727390547504040e-05
69 71 -4.3320235232170535e-09
70 71 3.3738155925971991e-08
71 71 1.2420512632073993e+05
72 71 -5.5708519359845591e-08
