%%MatrixMarket matrix coordinate real general
255 255 755
3 3 1.5012554099599806e-01
4 3 -6.2523101138143907e-03
205 3 4.8343457265759458e-05
206 3 4.7025107490593654e-05
3 4 -6.2523101138143907e-03
4 4 6.8499884070039052e-01
205 4 7.2242997387970677e-07
206 4 9.0586517851657329e-07
7 7 1.7758908291370168e-02
8 7 -8.4930573053839994e-03
206 7 1.8101581565031354e-04
207 7 2.2137546759931818e-04
7 8 -8.4930573053839994e-03
8 8 6.8493845611938420e-01
206 8 2.1733432983277303e-06
207 8 3.5846460408622373e-06
11 11 1.1090731071088156e-02
12 11 -1.0032078034726723e-02
207 11 4.8210647472114721e-04
208 11 5.7644656164039369e-04
11 12 -1.0032078034726723e-02
12 12 6.8485398682951115e-01
207 12 5.0335843704288242e-06
208 12 8.8272183403824210e-06
15 15 2.1276096225940733e-02
16 15 -1.1360682895572316e-02
208 15 9.6433107768662441e-04
209 15 1.1119940106518265e-03
15 16 -1.1360682895572316e-02
16 16 6.8474057829069179e-01
208 16 9.3507549279075390e-06
209 16 1.6591391495875470e-05
19 19 5.4716556346547818e-02
20 19 -1.2158531727718722e-02
209 19 1.6153040860700865e-03
210 19 1.8106086571715539e-03
19 20 -1.2158531727718722e-02
20 20 6.8460826304271616e-01
209 20 1.4933527101629126e-05
210 20 2.6575377408660024e-05
23 23 1.1683937614051165e-01
24 23 -1.2012001424523158e-02
210 23 2.4004824569494859e-03
211 23 2.6310874341114740e-03
23 24 -1.2012001424523158e-02
24 24 6.8447668606949363e-01
210 24 2.1341092949694024e-05
211 24 3.8105807981076761e-05
27 27 2.0865226026608158e-01
28 27 -1.0521001689139435e-02
211 27 3.2590779034056524e-03
212 27 3.5051646765249574e-03
27 28 -1.0521001689139435e-02
28 28 6.8437458627915626e-01
211 28 2.7868462383726679e-05
212 28 5.0107180504630272e-05
31 31 3.2348925850771582e-01
32 31 -7.4814826989659938e-03
212 31 4.1064335181280765e-03
213 31 4.3417514007504385e-03
31 32 -7.4814826989659938e-03
32 32 6.8433506972955915e-01
212 32 3.3637821413324976e-05
213 32 6.1206312508850215e-05
35 35 4.4860264241256331e-01
36 35 -3.0457317773090048e-03
213 35 4.8455358570597806e-03
214 35 5.0409900576869554e-03
35 36 -3.0457317773090048e-03
36 36 6.8438707670931076e-01
213 36 3.7808011183996344e-05
214 36 6.9992967024338294e-05
39 39 6.1266866922227825e-01
40 39 2.7111362064288296e-03
214 39 5.3847777500854064e-03
215 39 5.5174406276819812e-03
39 40 2.7111362064288296e-03
40 40 6.8455112771180815e-01
214 40 3.9822370945790461e-05
215 40 7.5381360849280634e-05
43 43 7.6199366086513809e-01
44 43 7.9010724234487677e-03
215 43 5.6719081809641636e-03
216 43 5.7296930698180768e-03
43 44 7.9010724234487677e-03
44 44 6.8479813060852956e-01
215 44 3.9743256595700852e-05
216 44 7.7082984688583132e-05
47 47 8.3367373527175714e-01
48 47 1.1215349882498261e-02
216 47 5.7028057479879971e-03
217 47 5.6883146655326774e-03
47 48 1.1215349882498261e-02
48 48 6.8508470041532821e-01
216 48 3.8124257943446851e-05
217 48 7.5555997475780986e-05
51 51 8.4974981610635036e-01
52 51 1.2514991960105134e-02
217 51 5.5218134777757725e-03
218 51 5.4505675145423947e-03
51 52 1.2514991960105134e-02
52 52 6.8536924045239411e-01
217 52 3.5668573768888559e-05
218 52 7.1755704531967251e-05
55 55 8.3714099024286515e-01
56 55 1.2250283472945397e-02
218 55 5.1954045682188988e-03
219 55 5.0873072688699082e-03
55 56 1.2250283472945397e-02
56 56 6.8562043752707413e-01
218 56 3.2950164045367332e-05
219 56 6.6668524582276888e-05
59 59 8.1428885762173597e-01
60 59 1.1044118287980152e-02
219 59 4.7881568433138615e-03
220 59 4.6612250341200347e-03
59 60 1.1044118287980152e-02
60 60 6.8582124785110343e-01
219 60 3.0313772574687614e-05
220 60 6.1067881421666953e-05
63 63 7.8992021153863379e-01
64 63 9.4148733584949081e-03
220 63 4.3506013279947311e-03
221 63 4.2183076754025665e-03
63 64 9.4148733584949081e-03
64 64 6.8596696349448882e-01
220 64 2.7914300759029393e-05
221 64 5.5464759495036547e-05
67 67 7.6672737132670810e-01
68 67 7.6876951621466898e-03
221 67 3.9168168521861047e-03
222 67 3.7879343778566090e-03
67 68 7.6876951621466898e-03
68 68 6.8606080150937987e-01
221 68 2.5792703067896792e-05
222 68 5.0152952800328568e-05
71 71 7.4468194660366094e-01
72 71 6.0141673570531986e-03
222 71 3.5068237982608455e-03
223 71 3.3862336138201282e-03
71 72 6.0141673570531986e-03
72 72 6.8610956001884094e-01
222 72 2.3933783944037469e-05
223 72 4.5271816953697875e-05
75 75 7.2320192613536227e-01
76 75 4.4267223601956182e-03
223 75 3.1296497179579916e-03
224 75 3.0191559585677399e-03
75 76 4.4267223601956182e-03
76 76 6.8612048165440676e-01
223 76 2.2292613142473459e-05
224 76 4.0848387364195881e-05
79 79 7.0210533574362621e-01
80 79 2.9010093925154754e-03
224 79 2.7858037366145275e-03
225 79 2.6853923940726729e-03
79 80 2.9010093925154754e-03
80 80 6.8609961697582456e-01
224 80 2.0800373047519989e-05
225 80 3.6828481221923198e-05
83 83 6.8047474624101933e-01
84 83 1.3943853078481456e-03
225 83 2.4710947123796571e-03
226 83 2.3798638251897367e-03
83 84 1.3943853078481456e-03
84 84 6.8605112649210909e-01
225 84 1.9371719561411853e-05
226 84 3.3113644262073330e-05
87 87 6.5718172462077062e-01
88 87 -1.6321907302505349e-04
226 87 2.1782017464728768e-03
227 87 2.0945873946524862e-03
87 88 -1.6321907302505349e-04
88 88 6.8597708578155980e-01
226 88 1.7907735893210179e-05
227 88 2.9572286854090897e-05
91 91 6.3144926335069851e-01
92 91 -1.8422409752810959e-03
227 91 1.8973803660600145e-03
228 91 1.8192362031734328e-03
91 92 -1.8422409752810959e-03
92 92 6.8587774206612739e-01
227 92 1.6286915042556239e-05
228 92 2.6037441614020273e-05
95 95 6.0308220137213420e-01
96 95 -3.6996628701506220e-03
228 95 1.6164377403938579e-03
229 95 1.5410622824618473e-03
95 96 -3.6996628701506220e-03
96 96 6.8575186777261132e-01
228 96 1.4358471548623805e-05
229 96 2.2302714383301054e-05
99 99 5.7303947396486965e-01
100 99 -5.7519131432451649e-03
229 99 1.3210376363082909e-03
230 99 1.2452485285071790e-03
99 100 -5.7519131432451649e-03
100 100 6.8559765477913337e-01
229 100 1.1945933979634634e-05
230 100 1.8128631087551785e-05
103 103 5.4438429662784582e-01
104 103 -7.9258960877173056e-03
230 103 9.9616222439192462e-04
231 103 9.1658253729592085e-04
103 104 -7.9258960877173056e-03
104 104 6.8541458771735408e-01
230 104 8.8758028698562173e-06
231 104 1.3276589770654103e-05
107 107 5.2327957854459739e-01
108 107 -9.9893625976132522e-03
231 107 6.2990253615109802e-04
232 107 5.4369128532732167e-04
107 108 -9.9893625976132522e-03
108 108 6.8520666657923890e-01
231 108 5.0515377157413473e-06
232 108 7.5935043391370406e-06
111 111 5.1879926870295856e-01
112 111 -1.1495640240833866e-02
232 111 2.2033823764608048e-04
233 111 1.2653129636122778e-04
111 112 -1.1495640240833866e-02
112 112 6.8498649358671260e-01
232 112 5.7977310155579261e-07
233 112 1.1553443882697297e-06
115 115 5.3946611530074184e-01
116 115 -1.1833051559687398e-02
233 115 -2.1623421136433648e-04
234 115 -3.1503951293513916e-04
115 116 -1.1833051559687398e-02
116 116 6.8477774350592846e-01
233 116 -4.1032247030216369e-06
234 116 -5.5863418174088278e-06
119 119 5.8603943507185741e-01
120 119 -1.0474419537769611e-02
234 119 -6.4200536877894289e-04
235 119 -7.3868239455834222e-04
119 120 -1.0474419537769611e-02
120 120 6.8461193112333041e-01
234 120 -8.2460014212423644e-06
235 120 -1.1805973610519501e-05
123 123 6.5007847647985406e-01
124 123 -7.3049317655192068e-03
235 123 -1.0066761242259934e-03
236 123 -1.0908991456064186e-03
123 124 -7.3049317655192068e-03
124 124 6.8451888559598018e-01
235 124 -1.1060348308252994e-05
236 124 -1.6584440989035662e-05
127 127 7.0515276183510989e-01
128 127 -3.0421204975822763e-03
236 127 -1.2701273038091864e-03
237 127 -1.3319432071854874e-03
127 128 -3.0421204975822763e-03
128 128 6.8451122951642884e-01
236 128 -1.2182859148612164e-05
237 128 -1.9395479618913317e-05
131 131 7.2864096833040348e-01
132 131 1.1767368389430707e-03
237 131 -1.4196907334668102e-03
238 131 -1.4531258370988676e-03
131 132 1.1767368389430707e-03
132 132 6.8458178793564473e-01
237 132 -1.1886091922248053e-05
238 132 -2.0339889278322881e-05
135 135 7.2087216517467789e-01
136 135 4.3815332243321492e-03
238 135 -1.4683640124097726e-03
239 135 -1.4724197813065203e-03
135 136 4.3815332243321492e-03
136 136 6.8470843026952288e-01
238 136 -1.0839800793153338e-05
239 136 -1.9944665778698747e-05
139 139 6.9340248463202103e-01
140 139 6.0286618412322465e-03
239 139 -1.4387278447205243e-03
240 139 -1.4150073748335035e-03
139 140 6.0286618412322465e-03
140 140 6.8485955982294655e-01
239 140 -9.6782843367123116e-06
240 140 -1.8755390309723993e-05
143 143 6.5837029737497110e-01
144 143 5.9835086583871957e-03
240 143 -1.3450880477989607e-03
241 143 -1.2951080317691673e-03
143 144 5.9835086583871957e-03
144 144 6.8499965544470198e-01
240 144 -8.6812650524915621e-06
241 144 -1.7018051063674080e-05
147 147 6.2564021148298410e-01
148 147 4.4448241481875039e-03
241 147 -1.1853693943160509e-03
242 147 -1.1098769856823891e-03
147 148 4.4448241481875039e-03
148 148 6.8509662570103613e-01
241 148 -7.6868351567758541e-06
242 148 -1.4593970250801308e-05
151 151 6.0603069970121171e-01
152 151 1.9801659440629423e-03
242 151 -9.4665479835537747e-04
243 151 -8.4760680165792688e-04
151 152 1.9801659440629423e-03
152 152 6.8513260024210509e-01
242 152 -6.2418645943497768e-06
243 152 -1.1137128186576903e-05
155 155 6.1240564039529377e-01
156 155 -4.1275406209617086e-04
243 155 -6.2517864926521190e-04
244 155 -5.0966672597906385e-04
155 156 -4.1275406209617086e-04
156 156 6.8511539753745032e-01
243 156 -4.0024232824758914e-06
244 156 -6.5373172072520469e-06
159 159 6.4946414313838496e-01
160 159 -1.5966149868650316e-03
244 159 -2.5206187623544167e-04
245 159 -1.3502099156787947e-04
159 160 -1.5966149868650316e-03
160 160 6.8507900780526743e-01
244 160 -1.2103811791808992e-06
245 160 -1.3921347674293669e-06
163 163 6.9940971753377124e-01
164 163 -1.0882819253095729e-03
245 163 1.0313876402272050e-04
246 163 2.0241321291192672e-04
163 164 -1.0882819253095729e-03
164 164 6.8506216802552433e-01
245 164 1.3092320884421610e-06
246 164 3.1080634963513841e-06
167 167 7.3232102806807453e-01
168 167 4.8464132066630976e-04
246 167 3.6964092817370637e-04
247 167 4.3677823245453053e-04
167 168 4.8464132066630976e-04
168 168 6.8508141933328381e-01
246 168 2.8561324967192722e-06
247 168 6.0252065608893622e-06
171 171 7.3602836412011430e-01
172 171 2.0134815585848404e-03
247 171 5.1824321284459074e-04
248 171 5.5020382988452891e-04
171 172 2.0134815585848404e-03
172 172 6.8512749771799819e-01
247 172 3.4155422876240315e-06
248 172 7.2701933813291018e-06
175 175 7.2101302284144531e-01
176 175 2.7858643357726635e-03
248 175 5.6395970033382983e-04
249 175 5.6681179869940302e-04
175 176 2.7858643357726635e-03
176 176 6.8518004450176817e-01
248 176 3.4171012174609125e-06
249 176 7.3323229617022952e-06
179 179 7.0184257433725428e-01
180 179 2.6899019930056046e-03
249 179 5.3865682759779974e-04
250 179 5.2117605116887907e-04
179 180 2.6899019930056046e-03
180 180 6.8521969853129994e-01
249 180 3.2292768556939573e-06
250 180 6.7248402627787021e-06
183 183 6.8636126965818223e-01
184 183 1.9670466793664863e-03
250 183 4.6877516633950364e-04
251 183 4.3847326627454396e-04
183 184 1.9670466793664863e-03
184 184 6.8523364790175978e-01
250 184 2.9601530857914841e-06
251 184 5.7292135614732192e-06
187 187 6.7692768253877589e-01
188 187 9.7611620251285974e-04
251 187 3.7041545420526945e-04
252 187 3.3315377656634274e-04
187 188 9.7611620251285974e-04
188 188 6.8521834789906488e-01
251 188 2.5353052123126970e-06
252 188 4.4398946552234357e-06
191 191 6.7390833571622510e-01
192 191 8.7204441991987634e-05
252 191 2.5508280226355871e-04
253 191 2.1629589794214973e-04
191 192 8.7204441991987634e-05
192 192 6.8518057486681072e-01
252 192 1.8660427568046983e-06
253 192 2.9255166532617649e-06
195 195 6.7669269083272765e-01
196 195 -3.7698646702260472e-04
253 195 1.3780047112123340e-04
254 195 1.0364689997336989e-04
195 196 -3.7698646702260472e-04
196 196 6.8513608378285940e-01
253 196 1.0085672321898083e-06
254 196 1.3862847076722925e-06
199 199 6.8248856054212526e-01
200 199 -2.4476232606259954e-04
254 199 4.1689169097875147e-05
255 199 1.9089480686038794e-05
199 200 -2.4476232606259954e-04
200 200 6.8510439145223556e-01
254 200 2.3764982473441437e-07
255 200 2.1398113644074134e-07
201 201 6.8509484838080270e-01
203 201 -3.3404922473507588e-308
201 203 -3.3404922473507588e-308
203 203 6.8509484838080270e-01
3 205 4.8343457265759458e-05
4 205 7.2242997387970677e-07
205 205 6.8519484064944103e-01
206 205 -6.5633695046768073e-09
3 206 4.7025107490593654e-05
4 206 9.0586517851657329e-07
7 206 1.8101581565031354e-04
8 206 2.1733432983277303e-06
205 206 -6.5633695046768073e-09
206 206 6.8519481546120420e-01
207 206 -2.4485604678793455e-08
7 207 2.2137546759931818e-04
8 207 3.5846460408622373e-06
11 207 4.8210647472114721e-04
12 207 5.0335843704288242e-06
206 207 -2.4485604678793455e-08
207 207 6.8519476130569201e-01
208 207 -5.8554979029022870e-08
11 208 5.7644656164039369e-04
12 208 8.8272183403824210e-06
15 208 9.6433107768662441e-04
16 208 9.3507549279075390e-06
207 208 -5.8554979029022870e-08
208 208 6.8519467269949252e-01
209 208 -1.0839748842067957e-07
15 209 1.1119940106518265e-03
16 209 1.6591391495875470e-05
19 209 1.6153040860700865e-03
20 209 1.4933527101629126e-05
208 209 -1.0839748842067957e-07
209 209 6.8519455374709848e-01
210 209 -1.7092026442605689e-07
19 210 1.8106086571715539e-03
20 210 2.6575377408660024e-05
23 210 2.4004824569494859e-03
24 210 2.1341092949694024e-05
209 210 -1.7092026442605689e-07
210 210 6.8519441486390087e-01
211 210 -2.3943375168110768e-07
23 211 2.6310874341114740e-03
24 211 3.8105807981076761e-05
27 211 3.2590779034056524e-03
28 211 2.7868462383726679e-05
210 211 -2.3943375168110768e-07
211 211 6.8519427463395632e-01
212 211 -3.0350432665658803e-07
27 212 3.5051646765249574e-03
28 212 5.0107180504630272e-05
31 212 4.1064335181280765e-03
32 212 3.3637821413324976e-05
211 212 -3.0350432665658803e-07
212 212 6.8519415817621643e-01
213 212 -3.5064719231793499e-07
31 213 4.3417514007504385e-03
32 213 6.1206312508850215e-05
35 213 4.8455358570597806e-03
36 213 3.7808011183996344e-05
212 213 -3.5064719231793499e-07
213 213 6.8519409108876683e-01
214 213 -3.6995685672841328e-07
35 214 5.0409900576869554e-03
36 214 6.9992967024338294e-05
39 214 5.3847777500854064e-03
40 214 3.9822370945790461e-05
213 214 -3.6995685672841328e-07
214 214 6.8519409062914782e-01
215 214 -3.5620177041987279e-07
39 215 5.5174406276819812e-03
40 215 7.5381360849280634e-05
43 215 5.6719081809641636e-03
44 215 3.9743256595700852e-05
214 215 -3.5620177041987279e-07
215 215 6.8519415692140884e-01
216 215 -3.1352547883430478e-07
43 216 5.7296930698180768e-03
44 216 7.7082984688583132e-05
47 216 5.7028057479879971e-03
48 216 3.8124257943446851e-05
215 216 -3.1352547883430478e-07
216 216 6.8519427058138316e-01
217 216 -2.5326188158244868e-07
47 217 5.6883146655326774e-03
48 217 7.5555997475780986e-05
51 217 5.5218134777757725e-03
52 217 3.5668573768888559e-05
216 217 -2.5326188158244868e-07
217 217 6.8519440453553504e-01
218 217 -1.8774360174066567e-07
51 218 5.4505675145423947e-03
52 218 7.1755704531967251e-05
55 218 5.1954045682188988e-03
56 218 3.2950164045367332e-05
217 218 -1.8774360174066567e-07
218 218 6.8519453627351457e-01
219 218 -1.2589573099765312e-07
55 219 5.0873072688699082e-03
56 219 6.6668524582276888e-05
59 219 4.7881568433138615e-03
60 219 3.0313772574687614e-05
218 219 -1.2589573099765312e-07
219 219 6.8519465307769256e-01
220 219 -7.2271009286228055e-08
59 220 4.6612250341200347e-03
60 220 6.1067881421666953e-05
63 220 4.3506013279947311e-03
64 220 2.7914300759029393e-05
219 220 -7.2271009286228055e-08
220 220 6.8519475065699587e-01
221 220 -2.8114957706792521e-08
63 221 4.2183076754025665e-03
64 221 5.5464759495036547e-05
67 221 3.9168168521861047e-03
68 221 2.5792703067896792e-05
220 221 -2.8114957706792521e-08
221 221 6.8519482967531320e-01
222 221 7.1858086634489633e-09
67 222 3.7879343778566090e-03
68 222 5.0152952800328568e-05
71 222 3.5068237982608455e-03
72 222 2.3933783944037469e-05
221 222 7.1858086634489633e-09
222 222 6.8519489290029456e-01
223 222 3.5013918980946215e-08
71 223 3.3862336138201282e-03
72 223 4.5271816953697875e-05
75 223 3.1296497179579916e-03
76 223 2.2292613142473459e-05
222 223 3.5013918980946215e-08
223 223 6.8519494352835519e-01
224 223 5.6860092024325083e-08
75 224 3.0191559585677399e-03
76 224 4.0848387364195881e-05
79 224 2.7858037366145275e-03
80 224 2.0800373047519989e-05
223 224 5.6860092024325083e-08
224 224 6.8519498428100023e-01
225 224 7.3920409061092692e-08
79 225 2.6853923940726729e-03
80 225 3.6828481221923198e-05
83 225 2.4710947123796571e-03
84 225 1.9371719561411853e-05
224 225 7.3920409061092692e-08
225 225 6.8519501692707663e-01
226 225 8.6920769557154209e-08
83 226 2.3798638251897367e-03
84 226 3.3113644262073330e-05
87 226 2.1782017464728768e-03
88 226 1.7907735893210179e-05
225 226 8.6920769557154209e-08
226 226 6.8519504212908877e-01
227 226 9.6062509533687214e-08
87 227 2.0945873946524862e-03
88 227 2.9572286854090897e-05
91 227 1.8973803660600145e-03
92 227 1.6286915042556239e-05
226 227 9.6062509533687214e-08
227 227 6.8519505929337821e-01
228 227 1.0091661847158224e-07
91 228 1.8192362031734328e-03
92 228 2.6037441614020273e-05
95 228 1.6164377403938579e-03
96 228 1.4358471548623805e-05
227 228 1.0091661847158224e-07
228 228 6.8519506628873283e-01
229 228 1.0030018172652836e-07
95 229 1.5410622824618473e-03
96 229 2.2302714383301054e-05
99 229 1.3210376363082909e-03
100 229 1.1945933979634634e-05
228 229 1.0030018172652836e-07
229 229 6.8519505922139268e-01
230 229 9.2241859458676789e-08
99 230 1.2452485285071790e-03
100 230 1.8128631087551785e-05
103 230 9.9616222439192462e-04
104 230 8.8758028698562173e-06
229 230 9.2241859458676789e-08
230 230 6.8519503268363935e-01
231 230 7.4299229243715406e-08
103 231 9.1658253729592085e-04
104 231 1.3276589770654103e-05
107 231 6.2990253615109802e-04
108 231 5.0515377157413473e-06
230 231 7.4299229243715406e-08
231 231 6.8519498130508927e-01
232 231 4.4670031050891621e-08
107 232 5.4369128532732167e-04
108 232 7.5935043391370406e-06
111 232 2.2033823764608048e-04
112 232 5.7977310155579261e-07
231 232 4.4670031050891621e-08
232 232 6.8519490356575463e-01
233 232 4.3997892395529516e-09
111 233 1.2653129636122778e-04
112 233 1.1553443882697297e-06
115 233 -2.1623421136433648e-04
116 233 -4.1032247030216369e-06
232 233 4.3997892395529516e-09
233 233 6.8519480748755213e-01
234 233 -4.0145684141365093e-08
115 234 -3.1503951293513916e-04
116 234 -5.5863418174088278e-06
119 234 -6.4200536877894289e-04
120 234 -8.2460014212423644e-06
233 234 -4.0145684141365093e-08
234 234 6.8519471406845878e-01
235 234 -7.7369096790077288e-08
119 235 -7.3868239455834222e-04
120 235 -1.1805973610519501e-05
123 235 -1.0066761242259934e-03
124 235 -1.1060348308252994e-05
234 235 -7.7369096790077288e-08
235 235 6.8519465148247438e-01
236 235 -9.5650616356626742e-08
123 236 -1.0908991456064186e-03
124 236 -1.6584440989035662e-05
127 236 -1.2701273038091864e-03
128 236 -1.2182859148612164e-05
235 236 -9.5650616356626742e-08
236 236 6.8519463888692334e-01
237 236 -9.1039589805948069e-08
127 237 -1.3319432071854874e-03
128 237 -1.9395479618913317e-05
131 237 -1.4196907334668102e-03
132 237 -1.1886091922248053e-05
236 237 -9.1039589805948069e-08
237 237 6.8519467308512949e-01
238 237 -6.9151020480125513e-08
131 238 -1.4531258370988676e-03
132 238 -2.0339889278322881e-05
135 238 -1.4683640124097726e-03
136 238 -1.0839800793153338e-05
237 238 -6.9151020480125513e-08
238 238 6.8519473350949189e-01
239 238 -3.9449455416746570e-08
135 239 -1.4724197813065203e-03
136 239 -1.9944665778698747e-05
139 239 -1.4387278447205243e-03
140 239 -9.6782843367123116e-06
238 239 -3.9449455416746570e-08
239 239 6.8519479899042968e-01
240 239 -9.2167860236137073e-09
139 240 -1.4150073748335035e-03
140 240 -1.8755390309723993e-05
143 240 -1.3450880477989607e-03
144 240 -8.6812650524915621e-06
239 240 -9.2167860236137073e-09
240 240 6.8519485788028633e-01
241 240 1.7564934660156096e-08
143 241 -1.2951080317691673e-03
144 241 -1.7018051063674080e-05
147 241 -1.1853693943160509e-03
148 241 -7.6868351567758541e-06
240 241 1.7564934660156096e-08
241 241 6.8519490508335246e-01
242 241 3.7420199149490655e-08
147 242 -1.1098769856823891e-03
148 242 -1.4593970250801308e-05
151 242 -9.4665479835537747e-04
152 242 -6.2418645943497768e-06
241 242 3.7420199149490655e-08
242 242 6.8519493349565797e-01
243 242 4.4763564382759858e-08
151 243 -8.4760680165792688e-04
152 243 -1.1137128186576903e-05
155 243 -6.2517864926521190e-04
156 243 -4.0024232824758914e-06
242 243 4.4763564382759858e-08
243 243 6.8519493125216280e-01
244 243 3.4056666816989573e-08
155 244 -5.0966672597906385e-04
156 244 -6.5373172072520469e-06
159 244 -2.5206187623544167e-04
160 244 -1.2103811791808992e-06
243 244 3.4056666816989573e-08
244 244 6.8519489270262979e-01
245 244 7.8019100196327170e-09
159 245 -1.3502099156787947e-04
160 245 -1.3921347674293669e-06
163 245 1.0313876402272050e-04
164 245 1.3092320884421610e-06
244 245 7.8019100196327170e-09
245 245 6.8519483434804263e-01
246 245 -1.9867532543853431e-08
163 246 2.0241321291192672e-04
164 246 3.1080634963513841e-06
167 246 3.6964092817370637e-04
168 246 2.8561324967192722e-06
245 246 -1.9867532543853431e-08
246 246 6.8519478876801132e-01
247 246 -3.4590602723097450e-08
167 247 4.3677823245453053e-04
168 247 6.0252065608893622e-06
171 247 5.1824321284459074e-04
172 247 3.4155422876240315e-06
246 247 -3.4590602723097450e-08
247 247 6.8519477535270967e-01
248 247 -3.4002218933382277e-08
171 248 5.5020382988452891e-04
172 248 7.2701933813291018e-06
175 248 5.6395970033382983e-04
176 248 3.4171012174609125e-06
247 248 -3.4002218933382277e-08
248 248 6.8519478799445244e-01
249 248 -2.4524979315252269e-08
175 249 5.6681179869940302e-04
176 249 7.3323229617022952e-06
179 249 5.3865682759779974e-04
180 249 3.2292768556939573e-06
248 249 -2.4524979315252269e-08
249 249 6.8519481117027659e-01
250 249 -1.2647328664428275e-08
179 250 5.2117605116887907e-04
180 250 6.7248402627787021e-06
183 250 4.6877516633950364e-04
184 250 2.9601530857914841e-06
249 250 -1.2647328664428275e-08
250 250 6.8519483444992624e-01
251 250 -2.0169588594444377e-09
183 251 4.3847326627454396e-04
184 251 5.7292135614732192e-06
187 251 3.7041545420526945e-04
188 251 2.5353052123126970e-06
250 251 -2.0169588594444377e-09
251 251 6.8519485295073901e-01
252 251 5.3342997615247257e-09
187 252 3.3315377656634274e-04
188 252 4.4398946552234357e-06
191 252 2.5508280226355871e-04
192 252 1.8660427568046983e-06
251 252 5.3342997615247257e-09
252 252 6.8519486341130520e-01
253 252 7.9527975170909429e-09
191 253 2.1629589794214973e-04
192 253 2.9255166532617649e-06
195 253 1.3780047112123340e-04
196 253 1.0085672321898083e-06
252 253 7.9527975170909429e-09
253 253 6.8519486358071968e-01
254 253 5.6437823608999401e-09
195 254 1.0364689997336989e-04
196 254 1.3862847076722925e-06
199 254 4.1689169097875147e-05
200 254 2.3764982473441437e-07
253 254 5.6437823608999401e-09
254 254 6.8519485540133163e-01
255 254 1.0269289600568790e-09
199 255 1.9089480686038794e-05
200 255 2.1398113644074134e-07
254 255 1.0269289600568790e-09
255 255 6.8519484849845802e-01
