%%MatrixMarket matrix coordinate real general
96 96 156
1 1 1.1779325713339448e+01
2 1 5.8895628566697251e+00
5 1 -1.3567377494507532e+01
1 2 5.8895628566697251e+00
2 2 1.0000200000000001e+01
5 2 -1.3867467845407401e+01
3 3 2.0000000000000001e-04
4 4 2.0000000000000001e-04
1 5 -1.3567377494507532e+01
2 5 -1.3867467845407401e+01
5 5 2.2739768540109882e+01
6 6 1.1083293584291654e+01
7 6 5.5415467921458275e+00
10 6 -1.2984789324894383e+01
6 7 5.5415467921458275e+00
7 7 1.0000199999999998e+01
10 7 -1.3868898010672966e+01
8 8 2.0000000000000001e-04
9 9 2.0000000000000001e-04
6 10 -1.2984789324894383e+01
7 10 -1.3868898010672966e+01
10 10 2.2739768540109882e+01
11 11 8.7671934036650523e+00
12 11 4.3834967018325246e+00
15 11 -1.1468544747921538e+01
11 12 4.3834967018325246e+00
12 12 1.0000200000000000e+01
15 12 -1.3506810868688696e+01
13 13 2.0000000000000001e-04
14 14 2.0000000000000001e-04
11 15 -1.1468544747921538e+01
12 15 -1.3506810868688696e+01
15 15 2.2739768540109878e+01
16 16 6.3980323597926985e+00
17 16 3.1989161798963495e+00
20 16 5.2288252334966367e+00
16 17 3.1989161798963495e+00
17 17 1.0000200000000000e+01
20 17 -9.8405329772795014e+00
18 18 2.0000000000000001e-04
19 19 2.0000000000000001e-04
16 20 5.2288252334966367e+00
17 20 -9.8405329772795014e+00
20 20 2.2739768540109885e+01
21 21 5.3868599990464441e+00
22 21 2.6933299995232232e+00
25 21 4.4477945460891704e+00
21 22 2.6933299995232232e+00
22 22 1.0000200000000000e+01
25 22 -1.0621068325193548e+01
23 23 2.0000000000000001e-04
24 24 2.0000000000000001e-04
21 25 4.4477945460891704e+00
22 25 -1.0621068325193548e+01
25 25 2.2739768540109889e+01
26 26 5.4818377720697962e+00
27 26 2.7408188860348983e+00
30 26 3.7699125657425636e+00
26 27 2.7408188860348983e+00
27 27 1.0000200000000003e+01
30 27 -1.1300612679643606e+01
28 28 2.0000000000000001e-04
29 29 2.0000000000000001e-04
26 30 3.7699125657425636e+00
27 30 -1.1300612679643606e+01
30 30 2.2739768540109885e+01
31 31 6.6413813792152849e+00
32 31 3.3205906896076423e+00
35 31 -9.4880019120503700e-01
31 32 3.3205906896076423e+00
32 32 1.0000200000000001e+01
35 32 -1.4204324585775549e+01
33 33 2.0000000000000001e-04
34 34 2.0000000000000001e-04
31 35 -9.4880019120503700e-01
32 35 -1.4204324585775549e+01
35 35 2.2739768540109882e+01
36 36 8.7562516554538323e+00
37 36 4.3780258277269173e+00
40 36 -8.1338044346921592e+00
36 37 4.3780258277269173e+00
37 37 1.0000200000000000e+01
40 37 -1.4957283241895022e+01
38 38 2.0000000000000001e-04
39 39 2.0000000000000001e-04
36 40 -8.1338044346921592e+00
37 40 -1.4957283241895022e+01
40 40 2.2739768540109885e+01
41 41 1.0413069856811006e+01
42 41 5.2064349284055051e+00
45 41 -1.4337523710438868e+01
41 42 5.2064349284055051e+00
42 42 1.0000200000000001e+01
45 42 -1.1877990149854730e+01
43 43 2.0000000000000001e-04
44 44 2.0000000000000001e-04
41 45 -1.4337523710438868e+01
42 45 -1.1877990149854730e+01
45 45 2.2739768540109885e+01
46 46 1.0697360770182108e+01
47 46 5.3485803850910534e+00
50 46 -1.5552411840477934e+01
46 47 5.3485803850910534e+00
47 47 1.0000200000000000e+01
50 47 -6.8071298816184704e+00
48 48 2.0000000000000001e-04
49 49 2.0000000000000001e-04
46 50 -1.5552411840477934e+01
47 50 -6.8071298816184704e+00
50 50 2.2739768540109885e+01
51 51 2.0000000000000001e-04
52 52 2.0000000000000001e-04
53 53 2.0000000000000001e-04
54 54 2.0000000000000001e-04
55 55 2.0000000000000001e-04
56 56 2.2000000000000001e-04
57 57 2.2000000000000001e-04
58 58 2.0022000000000001e-01
59 59 2.2000000000000001e-04
60 60 2.2000000000000001e-04
61 61 2.0022000000000001e-01
62 62 2.2000000000000001e-04
63 63 2.2000000000000001e-04
64 64 2.0022000000000001e-01
65 65 2.2000000000000001e-04
66 66 2.2000000000000001e-04
67 67 2.0022000000000001e-01
68 68 2.2000000000000001e-04
69 69 2.2000000000000001e-04
70 70 2.0022000000000001e-01
71 71 2.2000000000000001e-04
72 72 2.2000000000000001e-04
73 73 2.0022000000000001e-01
74 74 2.2000000000000001e-04
75 75 2.2000000000000001e-04
76 76 2.0022000000000001e-01
77 77 2.2000000000000001e-04
78 78 2.2000000000000001e-04
79 79 2.0022000000000001e-01
80 80 2.2000000000000001e-04
81 81 2.2000000000000001e-04
82 82 2.0022000000000001e-01
83 83 2.2000000000000001e-04
84 84 2.2000000000000001e-04
85 85 2.0022000000000001e-01
86 86 2.0000000000000001e-04
87 87 2.0000000000000001e-04
88 88 2.0000000000000001e-04
89 89 2.0000000000000001e-04
90 90 2.0000000000000001e-04
91 91 2.0000000000000001e-04
92 92 2.0000000000000001e-04
93 93 2.0000000000000001e-04
94 94 2.0000000000000001e-04
95 95 2.0000000000000001e-04
96 96 2.0000000000000001e-04
